1668.43   1867.55   -7032.29
1663.41   998.109   -7030.71
2687.5   1003   -7021.71
1634.45   1863.8   -5916.71
1638.1   1560.81   -5920.18
1635.38   1256.44   -5918.74
1636.09   886.678   -5919.14
1633.9   512.706   -5919.69
1635.47   181.766   -5920.09
1634.71   -193.682   -5920.68
2152.66   1883.55   -5922.75
2150.66   1661.42   -5922.89
2149.32   1455.14   -5918.19
2152.74   1204.54   -5922.28
2149.59   958.744   -5921.76
2153.33   659.039   -5921.94
2150.63   436.382   -5921.22
2152.65   150.719   -5921.67
2153.46   -102.124   -5921.77
2661.26   1365.61   -5910.62
2662.56   1040.74   -5910.74
2663.16   624.916   -5912.47
2662.93   285.315   -5913.89
2662.18   22.6335   -5914.67
2662.39   -276.215   -5913.86
1612.01   1458.19   -5419.36
1610.7   1133.54   -5424.02
1613.07   853.281   -5424.48
1612.69   536.901   -5423.57
1612.56   207.779   -5422.75
1613.3   69.1236   -5422.19
1613.91   -119.217   -5421.55
1612.77   -359.458   -5421.85
1612.75   -507.179   -5422.36
1610.41   -682.218   -5423.16
2133.21   1891.95   -5423.47
2137.79   1668.46   -5423.86
2134.26   1455.76   -5421.01
2138.89   1130.73   -5425.14
2141.14   840.531   -5424.31
2135.6   523.964   -5425.97
2138.11   206.514   -5423.95
2137.47   63.602   -5423.1
2135.94   -164.735   -5421.81
2135.3   -334.61   -5421.65
2135.64   -571.122   -5422.05
2133.69   -813.846   -5421.79
2657.55   1922.44   -5414.44
2660.08   1662.57   -5414.47
2661.23   1370.86   -5410.72
2664.49   912.874   -5417.4
2664.16   470.819   -5418.23
2662.95   169.884   -5417.8
2662.04   -130.303   -5414.99
2659.55   -430.399   -5415.43
2660.3   -730.814   -5414.01
599.628   1896.36   -4937
597.665   1652.11   -4933.81
600.83   1381.9   -4937.64
600.583   932.453   -4936.72
599.8   475.891   -4935.32
599.873   192.78   -4934.8
598.712   14.614   -4933.99
598.549   -188.854   -4934.94
599.365   -391.512   -4934.75
599.734   -630.249   -4934.66
599.107   -952.074   -4934.5
598.75   -1116.64   -4935.29
1618.2   1884.46   -4919.99
1616.15   1688.38   -4915.77
1614.95   1315.51   -4918.39
1616.13   1001.86   -4918.35
1617.33   690.521   -4918.53
1615.96   387.73   -4918.48
1619.1   145.488   -4918.61
1617.25   -186.421   -4919.25
1617.91   -482.222   -4919.3
1618.11   -680.7   -4919.99
1620.18   -913.059   -4920.59
2140.96   1871.56   -4857.47
2141.5   1657.51   -4856.75
2141.71   1476.58   -4852.34
2140.46   1112.05   -4854.03
2141.8   794.255   -4852.57
2141.49   469.047   -4853.45
2140.24   224.059   -4853.83
2139.96   -31.8606   -4854.43
2140.54   -307.966   -4854.67
2140.16   -516.014   -4855.49
2138.8   -740.884   -4857.59
2660.02   1869.49   -4908.5
2657.69   1660.92   -4905.53
2662.36   1298.18   -4908.5
2662.89   925.636   -4906.9
2662.11   579.758   -4905.78
2660.43   -43.7983   -4905.07
2659.51   -388.882   -4906.46
2660.5   -658.449   -4907.03
3683.84   1894.3   -4902.2
3684.99   1679.15   -4898.77
3685.74   1376.25   -4902.31
3686.71   1040.37   -4901.9
3688.11   671.584   -4901.41
3687.72   378.221   -4901.22
3691.21   100.713   -4900.89
3690.02   -276.273   -4900.06
3686.59   -637.191   -4900.85
4712.37   1827.26   -4893.85
4711.7   1663.06   -4890.43
4712.87   1392.65   -4893.6
4713.37   1071.89   -4892.66
4710.95   656.312   -4893.93
4713.8   362.415   -4894.12
4713.5   15.4112   -4896.86
4712.08   -333.724   -4897.22
4713.92   -634.123   -4896.8
4713.85   -938.442   -4896.47
