0.0200294
-0.0288189
0.00703335
-0.00329063
-1.27976e-05
-0.000777291
0.023685
-0.0503274
0.0159075
-0.0269053
0.00999308
-0.0123076
0.0051001
-0.00339437
0.00307523
-6.60035e-05
0.00364925
0.00245686
0.00699477
0.010227
0.00456397
-0.0423368
0.00327726
-0.0258383
0.00226884
-0.0148426
0.00128808
-0.00615363
0.000645867
-0.00178586
0.000137974
-9.12383e-05
-7.02149e-05
6.57145e-06
-0.000211059
0.000734637
-0.000298368
0.00383166
-0.00509464
-0.0130544
-0.00263648
-0.0043843
-0.00118364
-0.000495848
-0.001763
0.000816361
-0.00345958
0.00334443
-0.00685818
0.0104311
0.015094
-0.0286812
0.00857035
-0.0113265
0.0046621
-0.00383281
0.00244096
-0.000503262
0.00252402
0.00157274
0.00325793
0.00323452
0.00490206
0.00724492
0.00805677
0.0167591
0.0104955
0.0258091
0.0139393
0.0404542
0.00207589
-0.0604051
0.00126629
-0.037748
0.000905222
-0.0220028
0.000454008
-0.00716598
0.000267846
-0.00145011
9.46591e-05
-1.65541e-05
-0.000242501
0.000301718
-0.000495512
0.00124846
-0.00107892
0.00517248
-0.00169048
0.0108719
-0.00286637
0.0241176
-0.00444104
0.0456889
-0.0209103
-0.0678654
-0.0158162
-0.0417393
-0.0108055
-0.021559
-0.0051256
-0.00524248
-0.00335058
-0.000277622
-0.00469506
0.00218727
-0.00837708
0.00790748
-0.014416
0.0203337
-0.0230783
0.0429091
0.164842
-0.17335
0.143253
-0.126873
0.120918
-0.0847352
0.0944002
-0.0362327
0.0823161
-0.00410683
0.083198
0.0136406
0.0874257
0.0262946
0.0952444
0.0437354
0.106119
0.0657191
0.122906
0.0995687
0.151466
0.162169
0.168078
0.202626
0.0272702
-0.0955331
0.0214795
-0.0662891
0.0120546
-0.0272085
0.00619155
-0.00954752
0.00253433
-0.00206491
0.00112148
1.21039e-05
0.0014093
0.00137771
0.00384881
0.00829848
0.00765776
0.0245945
0.0109406
0.0433441
0.0152271
0.0750813
-0.00544141
-0.0875684
-0.00441344
-0.0573667
-0.00352136
-0.0377153
-0.00165001
-0.0121519
-0.000481911
-0.00256915
-4.79435e-06
-0.000117568
-0.00035629
0.000271561
-0.00154089
0.00263417
-0.0039205
0.0110892
-0.00652353
0.0238114
-0.0101147
0.0456287
-0.0359586
-0.091769
-0.0292858
-0.0639445
-0.0193728
-0.0298272
-0.0119077
-0.0108275
-0.0084018
-0.00279581
-0.0127985
0.00770323
-0.021902
0.0232808
-0.0325407
0.0458782
-0.152214
-0.146851
-0.139806
-0.115312
-0.123913
-0.0781977
-0.111501
-0.0467491
-0.104986
-0.0200607
-0.105652
-0.00141072
-0.112353
0.0169987
-0.129325
0.047892
-0.154337
0.0889739
-0.3603
-0.205252
-0.352285
-0.1781
-0.340128
-0.136159
-0.331207
-0.0916917
-0.327415
-0.038942
-0.333114
-0.00282508
-0.346285
0.0417185
-0.368469
0.0916221
-0.395195
0.141216
-0.427211
0.199284
