0.0868678
-0.0689932
0.0545907
-0.0175192
0.00642507
-0.00595382
0.14983
-0.120761
0.126951
-0.0828348
0.108975
-0.0534735
0.0921349
-0.0265506
0.0824447
-0.00602681
0.0794735
0.00996519
0.0832585
0.0300181
0.0833791
-0.0974936
0.0702792
-0.0713792
0.0596016
-0.051841
0.0478797
-0.0330371
0.03935
-0.0197884
0.0315772
-0.00844354
0.0285616
-0.00231649
0.0271959
0.00463556
0.0287096
0.0116566
0.0224023
-0.0311327
0.0138672
-0.0140557
0.00702968
-0.00342482
0.00477496
8.00677e-05
0.00494771
0.00238465
0.00693991
0.00731093
0.160288
-0.0966699
0.137274
-0.0593289
0.121839
-0.0341735
0.110944
-0.011383
0.106454
0.00957002
0.106565
0.0184745
0.108762
0.0314173
0.115045
0.0505899
0.120444
0.0643632
0.128806
0.0834625
0.111664
-0.131075
0.0940382
-0.0966312
0.0801427
-0.0703632
0.0610003
-0.0394828
0.0485526
-0.0208588
0.0405117
-0.00714981
0.0369554
0.00337844
0.0372039
0.00810036
0.0397492
0.0169257
0.043183
0.0252786
0.0499343
0.0406869
0.0594021
0.0627464
0.0568808
-0.113621
0.0432167
-0.0751066
0.0304128
-0.0433587
0.0153807
-0.0137402
0.0077698
-0.00242846
0.00626358
0.000977433
0.0074888
0.00517028
0.0111755
0.0140095
0.0167616
0.0311109
0.568319
-0.290601
0.544925
-0.234168
0.51752
-0.17533
0.483859
-0.0885108
0.464142
-0.00911461
0.459935
0.038745
0.461244
0.0693854
0.465013
0.105737
0.471789
0.143943
0.483644
0.192463
0.505297
0.265537
0.517939
0.306605
0.254648
-0.21256
0.233388
-0.171795
0.195783
-0.106626
0.170277
-0.0644325
0.151922
-0.0315052
0.142066
-0.00494095
0.138688
0.0149391
0.143279
0.044394
0.154155
0.0765373
0.164914
0.103098
0.180139
0.140507
0.149353
-0.177178
0.128381
-0.133946
0.112387
-0.1033
0.0845792
-0.0556059
0.0665619
-0.0278997
0.0551889
-0.00886974
0.0516095
0.0023034
0.052176
0.0140384
0.0575548
0.0300731
0.0647758
0.046674
0.0752942
0.0708094
0.0724027
-0.142951
0.0589898
-0.103652
0.0379749
-0.0522071
0.0222786
-0.0209595
0.0130405
-0.00653028
0.00940292
0.00432104
0.0139324
0.0151014
0.0199917
0.0320738
-0.0153229
-0.14551
-0.0135318
-0.102985
-0.0103191
-0.0568252
-0.00657969
-0.0241973
-0.00308759
-0.00639405
-0.00145451
-0.00133558
-0.00147294
0.000175412
-0.00458199
0.0045614
-0.0115915
0.0198964
-0.145149
-0.211362
-0.134334
-0.175739
-0.117289
-0.125287
-0.100126
-0.0797063
-0.0842638
-0.0388021
-0.0801565
-0.0186468
-0.0827012
0.00193686
-0.0949327
0.0254655
-0.114132
0.0534116
-0.140675
0.0932341
