-792.432  1164.92 -6770.78
-765.077  357.087 -6682.81
  171.28  378.981 -6905.65
-591.021  1290.98 -5830.58
-577.392  1006.56  -5802.4
-568.366  720.347 -5769.05
-553.893  371.502 -5732.16
-541.688  17.9904 -5695.55
-527.395 -294.884 -5665.03
-513.327  -649.52 -5631.39
-115.536  1317.87 -5951.99
-108.872  1109.49 -5928.01
-101.143  916.068 -5902.03
-89.1933  679.544 -5880.36
-82.4633  447.513 -5854.36
-67.3886  164.223 -5825.86
-61.0608 -46.3875 -5803.38
-48.1588  -316.66 -5777.78
-37.5685  -555.71 -5755.47
  377.13  840.414 -6000.85
 391.304  534.016 -5968.41
 407.951  140.812 -5929.56
  420.73 -180.642 -5899.14
 430.044 -429.226 -5876.17
 441.895 -711.601 -5849.85
-491.494  967.291 -5359.42
-481.579   659.38 -5328.95
-468.842  393.317 -5301.07
-456.802  92.5805 -5268.69
-443.844 -220.457 -5236.39
-437.543 -352.257 -5223.17
-429.333 -531.183 -5205.63
-420.797 -759.233 -5184.43
-414.952 -899.246  -5172.2
-410.185 -1064.92  -5157.7
-25.2619  1384.41 -5524.01
-12.3762   1173.9 -5500.74
-6.71351  973.258 -5474.44
 9.41665  664.965 -5444.49
 23.0809  389.505 -5414.41
 29.9836  88.1624 -5383.23
 45.2109 -213.673 -5351.94
 50.4002 -349.555 -5337.98
 58.1821 -566.535 -5316.24
 64.2484 -727.855 -5301.36
 73.6933 -952.154 -5282.13
 81.3579  -1181.8 -5262.09
 461.509  1421.71 -5636.82
 474.559  1176.97 -5608.95
 488.424  901.784 -5574.68
 508.524  466.873 -5533.76
 525.669  46.6015 -5491.16
 536.457 -239.618 -5462.64
 547.867 -524.757 -5433.52
 556.909 -809.793 -5408.16
 569.239 -1094.32  -5383.2
-1339.83   1414.2 -4766.41
-1333.97  1185.52 -4739.17
-1323.71  930.526 -4716.51
-1309.07  504.616 -4671.18
-1292.98  69.9598 -4624.99
-1281.69 -199.934 -4597.13
-1275.27 -369.654 -4579.13
-1266.92 -563.389 -4560.55
-1257.18 -755.831  -4541.5
-1245.93 -981.868 -4519.28
-1231.28 -1285.11 -4489.37
-1223.82 -1439.51 -4474.93
-394.381  1429.08 -4978.09
-388.146  1244.26 -4952.23
-375.897  890.032  -4913.4
 -362.87   591.05  -4880.1
-349.785  293.396 -4848.27
-339.216  3.46019 -4817.77
-326.717 -228.503 -4795.32
-315.319 -546.151 -4765.05
-302.778 -828.493 -4739.48
-294.674 -1017.49 -4723.52
-283.413 -1238.09 -4705.72
 107.214  1432.66 -5037.05
 116.429  1230.09  -5012.1
 124.835  1058.83 -4987.92
 137.847  711.373 -4948.93
 152.093  407.861 -4914.27
 164.513  96.4133 -4882.08
  172.93 -138.332 -4858.52
 182.586  -383.47 -4835.44
 193.867 -647.567 -4811.69
 201.407 -846.289 -4795.04
 208.344 -1060.76  -4778.7
 579.501  1431.56 -5197.59
 586.787  1234.52 -5170.83
 605.611  889.823 -5134.23
  621.82  535.009 -5093.27
 635.361  204.741 -5057.06
 658.541 -391.435 -4997.92
  670.58 -721.145  -4969.7
 681.509 -978.111    -4949
 1529.03  1467.34 -5435.45
 1540.91  1264.83 -5410.31
 1554.67  977.871 -5382.49
  1570.7  659.138 -5348.96
 1588.11   308.21 -5313.58
 1600.06  28.5271 -5286.35
 1614.58 -236.142 -5262.37
 1628.28 -595.668 -5229.39
 1638.21 -939.599 -5200.01
 2475.93  1413.31 -5661.48
 2484.61  1259.68 -5643.51
 2498.69  1005.05 -5622.26
 2515.25  702.535 -5593.24
 2532.37  308.965 -5557.62
 2548.05  30.1297 -5533.23
 2561.67 -299.741 -5505.88
 2573.92  -631.41 -5476.23
  2586.6 -916.345 -5450.76
 2596.93 -1204.53 -5424.46
