共迭代6次，代入计算的点个数为100
相对定向元素的值为：
μ=0.0199888
v=-0.206545
fai=-0.272341
omega=-0.0480837
kafa=-0.0755231
A矩阵： 2584.97  461.732 -604.366  6489.24 -3383.49
 2584.97  129.116 -167.606  6212.26 -3355.57
 2584.97  133.132 -124.248  6437.57 -2412.47
 2584.97  604.198 -743.255  5626.41  -3179.9
 2584.97  468.348 -573.636   5479.8 -3166.09
 2584.97  330.398 -403.501  5357.22 -3156.91
 2584.97  159.727  -194.16   5252.8 -3142.24
 2584.97 -16.1334  19.5341  5195.05 -3129.85
 2584.97 -173.908  209.592  5186.49 -3115.37
 2584.97 -355.168  426.086  5224.97 -3101.12
 2584.97  603.364 -630.508  5753.95 -2701.26
 2584.97  506.617 -528.091  5640.43 -2694.54
 2584.97  416.245 -432.634  5545.09 -2686.75
 2584.97  303.894 -314.444  5456.73 -2674.71
 2584.97  192.823 -199.011  5385.18 -2667.93
 2584.97  55.7272 -57.1885  5328.21 -2652.75
 2584.97   -47.29  48.4134  5304.19 -2646.38
 2584.97  -180.77  184.156  5301.56  -2633.4
 2584.97 -300.158  304.544  5323.36 -2622.74
 2584.97  373.091  -318.32  5618.64 -2205.49
 2584.97  229.912 -194.898  5513.53  -2191.3
 2584.97  43.3292 -36.4514  5431.34 -2174.65
 2584.97 -111.235  93.0284  5408.11 -2161.87
 2584.97 -232.315  193.454  5417.57 -2152.57
 2584.97 -371.172  307.383  5456.99 -2140.73
 2584.97  489.809  -583.49  5031.28 -3079.37
 2584.97  327.604 -388.987  4902.83 -3069.31
 2584.97  185.565 -219.409  4821.18 -3056.43
 2584.97  23.1358 -27.2463  4763.38 -3044.25
 2584.97 -148.609  174.259  4745.21 -3031.14
 2584.97 -221.711  259.433  4750.58 -3024.77
 2584.97 -321.547  375.222  4770.42 -3016.48
 2584.97  -450.08  523.707  4817.51 -3007.84
 2584.97  -529.41  614.806  4858.65 -3001.94
 2584.97 -624.167  723.681  4919.02 -2997.11
 2584.97  689.346 -696.124   5380.4 -2610.39
 2584.97  583.376 -586.186  5253.69 -2597.42
 2584.97  482.042 -483.301  5144.84 -2591.72
 2584.97  323.092 -321.908  5018.04  -2575.5
 2584.97  179.561 -177.949  4933.41 -2561.76
 2584.97  20.4216 -20.1835  4877.74 -2554.83
 2584.97 -141.473  138.986  4859.55 -2539.53
 2584.97 -215.067  210.853  4864.02 -2534.32
 2584.97 -333.539  325.995  4888.12  -2526.5
 2584.97 -422.266   411.72  4920.51 -2520.41
 2584.97 -546.579  530.924  4986.02 -2510.93
 2584.97 -675.111  653.766  5075.94 -2503.24
 2584.97  693.015 -568.539  5505.88 -2120.67
 2584.97  572.671 -466.918   5358.5 -2107.61
 2584.97  436.397 -353.469  5216.97 -2093.75
 2584.97  215.398 -172.792  5064.78 -2073.66
 2584.97 -1.75479  1.39608  4985.67 -2056.55
 2584.97 -152.184  120.441  4973.26  -2045.8
 2584.97 -303.909  239.182  4993.99 -2034.42
 2584.97 -457.334  358.339   5052.9 -2025.42
 2584.97 -612.297  476.846  5147.02 -2013.13
 2584.97  831.736 -1265.52  4703.12 -3933.15
 2584.97   696.17 -1057.62  4540.97 -3927.09
 2584.97  542.343 -821.725  4395.78 -3916.59
 2584.97  282.606 -426.543  4213.53 -3901.56
 2584.97   11.899 -17.8835  4116.31 -3885.07
 2584.97 -159.382  238.831  4103.07 -3873.52
 2584.97 -268.092  401.049  4112.78 -3866.95
 2584.97 -393.836  587.855  4143.87 -3858.43
 2584.97 -520.048  774.247  4193.35  -3848.5
 2584.97 -669.908  994.387  4276.47 -3837.04
 2584.97 -874.348   1292.8  4431.48 -3822.11
 2584.97 -979.918  1446.02  4530.95 -3814.51
 2584.97  799.057 -921.655  4899.31 -2981.58
 2584.97  695.864  -800.93  4767.57 -2975.27
 2584.97  493.823 -566.016  4566.17 -2962.87
 2584.97   320.45 -365.666  4438.24 -2949.71
 2584.97  145.105 -164.838  4351.91  -2936.5
 2584.97 -28.1418  31.8526   4307.3 -2925.82
 2584.97 -168.645   190.06  4301.83 -2913.22
 2584.97 -363.849  408.433  4336.59 -2901.71
 2584.97 -539.819  603.324  4410.19 -2889.07
 2584.97 -658.843  734.268  4482.83  -2880.9
 2584.97 -798.864  886.812  4591.19 -2869.55
 2584.97  791.001 -758.015  4954.52 -2477.17
 2584.97   679.12 -648.369  4815.53 -2467.92
 2584.97  583.929 -555.582  4708.36 -2459.48
 2584.97  386.311 -365.607  4538.72 -2446.43
 2584.97  210.794 -198.331  4433.13 -2432.14
 2584.97  27.5976 -25.8331  4371.11 -2419.69
 2584.97 -112.469  104.911  4354.52 -2411.26
 2584.97 -260.429  241.953  4366.31 -2401.58
 2584.97 -421.746  389.982  4412.27 -2390.28
 2584.97 -544.444  501.849   4470.5 -2382.73
 2584.97 -677.761  622.915  4556.75 -2375.79
 2584.97  763.961 -591.752   5101.8 -2002.28
 2584.97  659.075  -508.66  4967.67 -1995.02
 2584.97   471.31 -360.319   4780.4 -1976.22
 2584.97  275.044 -208.553  4636.24 -1960.06
 2584.97  88.6266 -66.7392   4552.3 -1946.58
 2584.97 -256.077  190.551  4529.82 -1923.52
 2584.97 -451.015   333.52  4592.18 -1911.55
 2584.97 -604.445  444.436   4677.5 -1900.67
 2584.97   745.87 -302.098  5343.75 -1046.99
 2584.97   643.01 -257.512  5210.72 -1035.23
参数改正数：-7.41221e-06
 0.000120842
-9.31075e-05
-2.94467e-05
-2.05095e-05
