1675.61   1871.14   -7062.83
1667.39   1001.16   -7053.14
2688.26   1003.33   -7024.55
1643.68   1870.22   -5958.25
1645.62   1567.35   -5957.06
1641.52   1262.42   -5951.86
1641.01   891.285   -5948.57
1638.2   515.692   -5946.84
1639.74   183.542   -5946.29
1639.56   -192.487   -5947.36
2158.9   1885.54   -5948.04
2155.96   1663.96   -5944.5
2153.83   1457.85   -5936.75
2156.39   1207.06   -5937.5
2152.6   960.845   -5934.53
2155.77   660.448   -5932.46
2152.84   437.331   -5930.92
2154.78   151.295   -5931.09
2155.75   -101.491   -5931.86
2663.14   1365.81   -5919.5
2663.8   1041.13   -5916.11
2663.83   625.195   -5915.2
2663.37   285.607   -5916.13
2662.58   23.2353   -5917.59
2662.91   -274.726   -5918.67
1620.13   1466.26   -5460.2
1617.32   1140.57   -5460.53
1618.73   858.899   -5457.96
1617.73   540.741   -5454.82
1617.46   209.929   -5452.95
1618.3   70.7142   -5452.32
1619.2   -118.156   -5452
1618.68   -358.579   -5453.43
1619.18   -506.083   -5454.96
1617.58   -680.496   -5457.39
2140.52   1894.35   -5453.38
2144.03   1671.47   -5449.25
2139.63   1459.01   -5442.75
2143.06   1133.65   -5441.9
2144.52   842.772   -5437.8
2138.45   525.37   -5437.43
2140.74   207.244   -5434.67
2140.12   64.1884   -5434.03
2138.77   -164.082   -5433.76
2138.38   -333.611   -5434.84
2139.24   -569.129   -5437.64
2138.01   -810.131   -5440.69
2661.28   1920.4   -5436
2663.03   1661.79   -5430.87
2663.4   1370.88   -5422.18
2665.67   913.242   -5423.16
2664.76   471.148   -5421.42
2663.38   170.392   -5421.01
2662.49   -129.157   -5419.67
2660.21   -427.925   -5422.97
2661.34   -726.103   -5425.76
614.867   1917.26   -5038.57
610.295   1673.56   -5034.77
610.936   1402.56   -5037.41
607.605   949.446   -5034.68
605.418   487.333   -5031.57
605.596   200.612   -5030.11
604.888   20.3672   -5028.87
605.611   -185.14   -5029.29
607.672   -389.325   -5028.62
609.933   -629.028   -5028.09
612.48   -950.449   -5027.51
613.966   -1113.97   -5028.1
1630.13   1893.81   -4972.85
1626.84   1698.2   -4965.07
1623.53   1324.8   -4961.41
1623.31   1009.65   -4956.98
1623.55   696.258   -4953.94
1621.71   391.356   -4952.14
1624.8   147.579   -4951.6
1623.4   -185.748   -4953.05
1624.92   -481.823   -4955.07
1625.94   -679.804   -4957.74
1629.15   -910.781   -4961.21
2149.29   1874.2   -4892.03
2148.79   1660.91   -4886.39
2148.2   1480.26   -4878.18
2145.52   1115.47   -4873.34
2145.92   796.845   -4867.68
2144.99   470.619   -4866.05
2143.52   224.999   -4865.84
2143.26   -31.2472   -4866.99
2144.13   -307.099   -4869.18
2144.16   -514.415   -4872.38
2143.4   -737.879   -4877.9
2663.98   1867.1   -4933.99
2661.02   1659.7   -4926.28
2664.61   1298.1   -4922.03
2664.27   925.964   -4915.01
2662.91   580.162   -4910.93
2660.83   -42.6582   -4910.51
2660.08   -386.279   -4915.22
2661.38   -653.882   -4919.86
3682.66   1888.82   -4942.48
3684.37   1675.74   -4935.95
